"Макароны"	196705156664	619342112257	480496586032
"Куриное филе"	942940708335	733105908953	22866248007	64962015102	527364136719
"Кофе растворимый"	15098685695	729199709083	379305063946	251079826243
"Молоко"	51629322784	983155580238	140863269195
"Сахар"	22138025051	990437917006	458739645829	71474148161	265459032402
"Хлеб белый"	997367077244	150465983921	601133996939	782088033162
"Яблоки"	616796823454	341982410299	54867920070	809542881243
"Масло сливочное"	706999325154	983690688963	632430981323
"Чай черный"	471972617046	837166742123	287637913456	230358264881	844910613878
"Сыр"	119129627721	656117407197	231941692024	610649579633	276138098975
